-25.00000000   0.00000005  -0.00000000   0.00003125% 
-24.90000000   0.00000006  -0.00000000   0.00003323% 
-24.80000100   0.00000007  -0.00000000   0.00003532% 
-24.70000000   0.00000008  -0.00000000   0.00003754% 
-24.60000000   0.00000009  -0.00000000   0.00003989% 
-24.50000000   0.00000010  -0.00000000   0.00004239% 
-24.40000000   0.00000011  -0.00000000   0.00004504% 
-24.30000100   0.00000013  -0.00000000   0.00004784% 
-24.20000000   0.00000015  -0.00000000   0.00005082% 
-24.10000000   0.00000017  -0.00000000   0.00005397% 
-24.00000000   0.00000019  -0.00000000   0.00005731% 
-23.90000000   0.00000021  -0.00000000   0.00006085% 
-23.80000100   0.00000024  -0.00000000   0.00006460% 
-23.70000000   0.00000027  -0.00000000   0.00006857% 
-23.60000000   0.00000031  -0.00000000   0.00007277% 
-23.50000000   0.00000035  -0.00000000   0.00007722% 
-23.40000000   0.00000040  -0.00000000   0.00008194% 
-23.30000100   0.00000045  -0.00000000   0.00008692% 
-23.20000000   0.00000051  -0.00000000   0.00009221% 
-23.10000000   0.00000058  -0.00000000   0.00009780% 
-23.00000000   0.00000065  -0.00000000   0.00010372% 
-22.90000000   0.00000073  -0.00000000   0.00010997% 
-22.80000100   0.00000083  -0.00000000   0.00011659% 
-22.70000000   0.00000093  -0.00000000   0.00012359% 
-22.60000000   0.00000105  -0.00000000   0.00013100% 
-22.50000000   0.00000118   0.00000000   0.00013885% 
-22.40000000   0.00000132   0.00000000   0.00014715% 
-22.30000100   0.00000149   0.00000000   0.00015593% 
-22.20000000   0.00000167   0.00000000   0.00016521% 
-22.10000000   0.00000187   0.00000000   0.00017501% 
-22.00000000   0.00000210   0.00000000   0.00018538% 
-21.90000000   0.00000235   0.00000000   0.00019634% 
-21.80000100   0.00000264   0.00000000   0.00020790% 
-21.70000000   0.00000295   0.00000000   0.00022013% 
-21.60000000   0.00000330   0.00000000   0.00023304% 
-21.50000000   0.00000369   0.00000000   0.00024666% 
-21.40000000   0.00000412   0.00000000   0.00026106% 
-21.30000100   0.00000460   0.00000000   0.00027626% 
-21.20000000   0.00000513   0.00000000   0.00029231% 
-21.10000000   0.00000572   0.00000000   0.00030922% 
-21.00000000   0.00000637   0.00000000   0.00032710% 
-20.90000000   0.00000710   0.00000000   0.00034592% 
-20.80000100   0.00000790   0.00000000   0.00036579% 
-20.70000000   0.00000878   0.00000000   0.00038677% 
-20.60000000   0.00000976   0.00000000   0.00040881% 
-20.50000000   0.00001084   0.00000000   0.00043225% 
-20.40000000   0.00001203   0.00000000   0.00045673% 
-20.30000100   0.00001334   0.00000000   0.00048258% 
-20.20000000   0.00001479   0.00000000   0.00050991% 
-20.10000000   0.00001639   0.00000000   0.00053863% 
-20.00000000   0.00001814   0.00000000   0.00056896% 
-19.90000000   0.00002007   0.00000000   0.00060077% 
-19.80000100   0.00002219   0.00000000   0.00063439% 
-19.70000000   0.00002452   0.00000000   0.00066970% 
-19.60000000   0.00002708   0.00000000   0.00070699% 
-19.50000000   0.00002989   0.00000000   0.00074613% 
-19.40000000   0.00003296   0.00000000   0.00078745% 
-19.30000100   0.00003633   0.00000000   0.00083076% 
-19.20000000   0.00004002   0.00000000   0.00087649% 
-19.10000000   0.00004406   0.00000000   0.00092438% 
-19.00000000   0.00004847   0.00000000   0.00097494% 
-18.90000000   0.00005330   0.00000000   0.00102796% 
-18.80000100   0.00005855   0.00000000   0.00108398% 
-18.70000000   0.00006431   0.00000000   0.00114238% 
-18.60000000   0.00007058   0.00000000   0.00120392% 
-18.50000000   0.00007739   0.00000000   0.00126907% 
-18.40000000   0.00008482   0.00000000   0.00133714% 
-18.30000100   0.00009291   0.00000000   0.00140857% 
-18.20000000   0.00010172   0.00000000   0.00148351% 
-18.10000000   0.00011127   0.00000000   0.00156242% 
-18.00000000   0.00012166   0.00000000   0.00164518% 
-17.90000000   0.00013293   0.00000000   0.00173203% 
-17.80000100   0.00014520   0.00000000   0.00182266% 
-17.70000000   0.00015841   0.00000000   0.00191883% 
-17.60000000   0.00017281   0.00000000   0.00201857% 
-17.50000000   0.00018837   0.00000000   0.00212358% 
-17.40000000   0.00020511   0.00000000   0.00223480% 
-17.30000100   0.00022317   0.00000001   0.00235162% 
-17.20000000   0.00024289   0.00000001   0.00247205% 
-17.10000000   0.00026418   0.00000001   0.00259829% 
-17.00000000   0.00028713   0.00000001   0.00273071% 
-16.90000000   0.00031184   0.00000001   0.00286989% 
-16.80000100   0.00033876   0.00000001   0.00301297% 
-16.70000000   0.00036721   0.00000001   0.00316764% 
-16.60000000   0.00039822   0.00000001   0.00332620% 
-16.50000000   0.00043115   0.00000002   0.00349561% 
-16.40000000   0.00046679   0.00000002   0.00367088% 
-16.30000100   0.00050515   0.00000002   0.00385371% 
-16.20000000   0.00054628   0.00000002   0.00404531% 
-16.10000000   0.00059086   0.00000003   0.00424234% 
-16.00000000   0.00063828   0.00000003   0.00445112% 
-15.90000100   0.00068825   0.00000003   0.00467496% 
-15.80000000   0.00074327   0.00000004   0.00489881% 
-15.70000000   0.00080127   0.00000004   0.00513845% 
-15.60000000   0.00086385   0.00000005   0.00538521% 
-15.50000000   0.00092936   0.00000005   0.00565136% 
-15.40000100   0.00099963   0.00000006   0.00592721% 
-15.30000000   0.00107646   0.00000007   0.00620451% 
-15.20000000   0.00115669   0.00000008   0.00650379% 
-15.10000000   0.00124466   0.00000008   0.00680251% 
-15.00000000   0.00133681   0.00000010   0.00712279% 
-14.90000100   0.00143600   0.00000011   0.00745124% 
-14.80000000   0.00154066   0.00000012   0.00779824% 
-14.70000000   0.00164723   0.00000013   0.00818335% 
-14.60000000   0.00176787   0.00000015   0.00854830% 
-14.50000000   0.00189018   0.00000017   0.00895639% 
-14.40000100   0.00202036   0.00000019   0.00937939% 
-14.30000000   0.00216341   0.00000021   0.00979698% 
-14.20000000   0.00231528   0.00000024   0.01023096% 
-14.10000000   0.00247049   0.00000026   0.01070747% 
-14.00000000   0.00264025   0.00000030   0.01117989% 
-13.90000100   0.00281334   0.00000033   0.01169856% 
-13.80000000   0.00300503   0.00000037   0.01220225% 
-13.70000000   0.00319719   0.00000041   0.01276776% 
-13.60000000   0.00340939   0.00000045   0.01331876% 
-13.50000000   0.00363064   0.00000050   0.01390190% 
-13.40000100   0.00386715   0.00000056   0.01449589% 
-13.30000000   0.00409985   0.00000062   0.01517428% 
-13.20000000   0.00436592   0.00000069   0.01580159% 
-13.10000000   0.00464916   0.00000076   0.01644236% 
-13.00000000   0.00492001   0.00000085   0.01720270% 
-12.90000100   0.00522137   0.00000094   0.01793340% 
-12.80000000   0.00554276   0.00000104   0.01867527% 
-12.70000000   0.00587082   0.00000114   0.01947605% 
-12.60000000   0.00621605   0.00000126   0.02030267% 
-12.50000000   0.00658989   0.00000139   0.02112121% 
-12.40000100   0.00697899   0.00000153   0.02197834% 
-12.30000000   0.00738907   0.00000169   0.02285859% 
-12.20000000   0.00779915   0.00000186   0.02382895% 
-12.10000000   0.00822449   0.00000204   0.02484376% 
-12.00000000   0.00871658   0.00000224   0.02575225% 
-11.90000100   0.00917435   0.00000246   0.02685856% 
-11.80000000   0.00968552   0.00000270   0.02790569% 
-11.70000000   0.01020432   0.00000296   0.02903023% 
-11.60000000   0.01073074   0.00000324   0.03023323% 
-11.50000000   0.01132202   0.00000355   0.03135679% 
-11.40000100   0.01191711   0.00000388   0.03257519% 
-11.30000000   0.01256561   0.00000424   0.03375499% 
-11.20000000   0.01322174   0.00000463   0.03502336% 
-11.10000000   0.01389313   0.00000505   0.03636071% 
-11.00000000   0.01459503   0.00000551   0.03772893% 
-10.90000100   0.01531219   0.00000600   0.03916972% 
-10.80000000   0.01609802   0.00000653   0.04054945% 
-10.70000000   0.01687622   0.00000710   0.04206424% 
-10.60000000   0.01763916   0.00000771   0.04373229% 
-10.50000000   0.01852417   0.00000838   0.04521624% 
-10.40000100   0.01931763   0.00000909   0.04704287% 
-10.30000000   0.02030945   0.00000985   0.04850929% 
-10.20000000   0.02125549   0.00001067   0.05020981% 
-10.10000000   0.02221680   0.00001155   0.05199674% 
-10.00000000   0.02319336   0.00001249   0.05387075% 
 -9.90000100   0.02426147   0.00001350   0.05565699% 
 -9.80000000   0.02528381   0.00001458   0.05767343% 
 -9.70000000   0.02645874   0.00001573   0.05946916% 
 -9.60000000   0.02749634   0.00001697   0.06170068% 
 -9.50000000   0.02877808   0.00001828   0.06351380% 
 -9.40000100   0.02993774   0.00001968   0.06572596% 
 -9.30000000   0.03112793   0.00002117   0.06799754% 
 -9.20000000   0.03250122   0.00002275   0.06999908% 
 -9.10000000   0.03372192   0.00002443   0.07245852% 
 -9.00000000   0.03509521   0.00002622   0.07471793% 
 -8.90000100   0.03646851   0.00002812   0.07710578% 
 -8.80000000   0.03805542   0.00003013   0.07917384% 
 -8.70000000   0.03948975   0.00003226   0.08168991% 
 -8.60000000   0.04107666   0.00003451   0.08401820% 
 -8.50000000   0.04223633   0.00003689   0.08734926% 
 -8.40000100   0.04418945   0.00003941   0.08917947% 
 -8.30000000   0.04565430   0.00004206   0.09213001% 
 -8.20000000   0.04754639   0.00004486   0.09434649% 
 -8.10000000   0.04925537   0.00004780   0.09705353% 
 -8.00000000   0.05053711   0.00005090   0.10072503% 
 -7.90000000   0.05261230   0.00005416   0.10294482% 
 -7.80000000   0.05456543   0.00005758   0.10553086% 
 -7.70000030   0.05627441   0.00006117   0.10870575% 
 -7.60000000   0.05798340   0.00006494   0.11199212% 
 -7.50000000   0.05957031   0.00006888   0.11562455% 
 -7.40000000   0.06140137   0.00007300   0.11889179% 
 -7.30000000   0.06372070   0.00007731   0.12132786% 
 -7.20000030   0.06604004   0.00008181   0.12388141% 
 -7.10000000   0.06799316   0.00008651   0.12722773% 
 -7.00000000   0.06970215   0.00009140   0.13112806% 
 -6.90000000   0.07202148   0.00009649   0.13397867% 
 -6.80000000   0.07409668   0.00010179   0.13737766% 
 -6.70000030   0.07629395   0.00010730   0.14063814% 
 -6.60000000   0.07861328   0.00011301   0.14375958% 
 -6.50000000   0.08068848   0.00011894   0.14740829% 
 -6.40000000   0.08300781   0.00012508   0.15068719% 
 -6.30000000   0.08520508   0.00013144   0.15425985% 
 -6.20000030   0.08764648   0.00013801   0.15745924% 
 -6.10000000   0.08959961   0.00014479   0.16160024% 
 -6.00000000   0.09204102   0.00015179   0.16492002% 
 -5.90000000   0.09472656   0.00015901   0.16786140% 
 -5.80000000   0.09741211   0.00016644   0.17085933% 
 -5.70000030   0.09912109   0.00017408   0.17562073% 
 -5.60000000   0.10229492   0.00018193   0.17784399% 
 -5.50000000   0.10498047   0.00018998   0.18096616% 
 -5.40000000   0.10668945   0.00019823   0.18580533% 
 -5.30000000   0.10913086   0.00020669   0.18939437% 
 -5.20000030   0.11108398   0.00021533   0.19384712% 
 -5.10000000   0.11450195   0.00022417   0.19577411% 
 -5.00000000   0.11621094   0.00023318   0.20065025% 
 -4.90000000   0.11914063   0.00024236   0.20342605% 
 -4.80000000   0.12109375   0.00025171   0.20786705% 
 -4.70000030   0.12451172   0.00026122   0.20979700% 
 -4.60000000   0.12695313   0.00027088   0.21336806% 
 -4.50000000   0.12841797   0.00028067   0.21856041% 
 -4.40000000   0.13232422   0.00029059   0.21960572% 
 -4.30000000   0.13330078   0.00030063   0.22552628% 
 -4.20000030   0.13525391   0.00031077   0.22976724% 
 -4.10000000   0.13916016   0.00032100   0.23067061% 
 -4.00000000   0.14111328   0.00033131   0.23478466% 
 -3.90000000   0.14257813   0.00034169   0.23964940% 
 -3.80000000   0.14599609   0.00035211   0.24117975% 
 -3.70000000   0.14648438   0.00036257   0.24751686% 
 -3.60000010   0.14892578   0.00037305   0.25049635% 
 -3.50000000   0.15234375   0.00038354   0.25175786% 
 -3.40000000   0.15429688   0.00039401   0.25535722% 
 -3.30000000   0.15673828   0.00040445   0.25804114% 
 -3.20000000   0.15869141   0.00041484   0.26141505% 
 -3.10000010   0.16064453   0.00042517   0.26466664% 
 -3.00000000   0.16259766   0.00043542   0.26778929% 
 -2.90000000   0.16503906   0.00044556   0.26997545% 
 -2.80000000   0.16650391   0.00045559   0.27362219% 
 -2.70000000   0.16845703   0.00046548   0.27632012% 
 -2.60000010   0.17089844   0.00047521   0.27806777% 
 -2.50000000   0.17285156   0.00048477   0.28045535% 
 -2.40000000   0.17480469   0.00049414   0.28267893% 
 -2.30000000   0.17675781   0.00050329   0.28473350% 
 -2.20000000   0.17968750   0.00051221   0.28505665% 
 -2.10000010   0.17871094   0.00052089   0.29146805% 
 -2.00000000   0.18164063   0.00052929   0.29139584% 
 -1.90000000   0.18164063   0.00053742   0.29586853% 
 -1.80000010   0.18457031   0.00054524   0.29541091% 
 -1.70000000   0.18554688   0.00055275   0.29790139% 
 -1.60000000   0.18750000   0.00055992   0.29862345% 
 -1.50000000   0.18945313   0.00056674   0.29914627% 
 -1.40000000   0.18945313   0.00057320   0.30255544% 
 -1.30000010   0.19140625   0.00057928   0.30264478% 
 -1.20000000   0.19140625   0.00058497   0.30561660% 
 -1.10000000   0.19238281   0.00059025   0.30681157% 
 -1.00000000   0.19433594   0.00059512   0.30623231% 
 -0.90000004   0.19531250   0.00059956   0.30697387% 
 -0.80000000   0.19531250   0.00060356   0.30902238% 
 -0.70000000   0.19628906   0.00060711   0.30929548% 
 -0.60000000   0.19726563   0.00061021   0.30933506% 
 -0.50000000   0.19726563   0.00061285   0.31067137% 
 -0.40000000   0.19726563   0.00061502   0.31177013% 
 -0.30000000   0.19628906   0.00061671   0.31418415% 
 -0.20000000   0.19824219   0.00061793   0.31170226% 
 -0.10000000   0.19726563   0.00061866   0.31361834% 
  0.00000000   0.19824219   0.00061891   0.31220138% 
  0.10000000   0.19824219   0.00061869   0.31208582% 
  0.20000000   0.19824219   0.00061797   0.31172702% 
  0.30000000   0.19824219   0.00061678   0.31112582% 
  0.40000000   0.19726563   0.00061511   0.31181967% 
  0.50000000   0.19726563   0.00061297   0.31073308% 
  0.60000000   0.19726563   0.00061036   0.30940879% 
  0.70000000   0.19628906   0.00060728   0.30938149% 
  0.80000000   0.19824219   0.00060375   0.30455231% 
  0.90000004   0.19628906   0.00059977   0.30555585% 
  1.00000000   0.19335938   0.00059536   0.30790122% 
  1.10000000   0.19140625   0.00059051   0.30851170% 
  1.20000000   0.19335938   0.00058525   0.30267380% 
  1.30000010   0.19140625   0.00057958   0.30280109% 
  1.40000000   0.19140625   0.00057352   0.29963471% 
  1.50000000   0.19042969   0.00056708   0.29778956% 
  1.60000000   0.18847656   0.00056027   0.29726503% 
  1.70000000   0.18945313   0.00055312   0.29195617% 
  1.80000010   0.18652344   0.00054563   0.29252667% 
  1.90000000   0.18554688   0.00053782   0.28985839% 
  2.00000000   0.18457031   0.00052971   0.28699841% 
  2.10000010   0.18359375   0.00052132   0.28395300% 
  2.20000000   0.18164063   0.00051266   0.28223805% 
  2.30000000   0.17968750   0.00050375   0.28034711% 
  2.40000000   0.17773438   0.00049461   0.27828455% 
  2.50000000   0.17626953   0.00048525   0.27529039% 
  2.60000010   0.17431641   0.00047570   0.27289715% 
  2.70000000   0.17333984   0.00046598   0.26882460% 
  2.80000000   0.17041016   0.00045610   0.26764755% 
  2.90000000   0.16845703   0.00044608   0.26480254% 
  3.00000000   0.16699219   0.00043594   0.26105310% 
  3.10000010   0.16455078   0.00042570   0.25870211% 
  3.20000000   0.16259766   0.00041537   0.25545931% 
  3.30000000   0.16113281   0.00040498   0.25133288% 
  3.40000000   0.15966797   0.00039454   0.24710070% 
  3.50000000   0.15722656   0.00038407   0.24427866% 
  3.60000010   0.15380859   0.00037359   0.24289116% 
  3.70000000   0.15136719   0.00036311   0.23988474% 
  3.80000000   0.14941406   0.00035264   0.23601854% 
  3.90000000   0.14794922   0.00034222   0.23130730% 
  4.00000000   0.14453125   0.00033184   0.22959683% 
  4.10000000   0.14355469   0.00032152   0.22397372% 
  4.20000030   0.14062500   0.00031129   0.22136039% 
  4.30000000   0.13867188   0.00030114   0.21716170% 
  4.40000000   0.13525391   0.00029110   0.21522474% 
  4.50000000   0.13281250   0.00028117   0.21170671% 
  4.60000000   0.13134766   0.00027137   0.20660651% 
  4.70000030   0.12744141   0.00026171   0.20535709% 
  4.80000000   0.12548828   0.00025219   0.20097046% 
  4.90000000   0.12329102   0.00024284   0.19696102% 
  5.00000000   0.12133789   0.00023364   0.19255411% 
  5.10000000   0.11889648   0.00022462   0.18892043% 
  5.20000030   0.11572266   0.00021578   0.18646161% 
  5.30000000   0.11425781   0.00020712   0.18127713% 
  5.40000000   0.11083984   0.00019866   0.17923189% 
  5.50000000   0.10839844   0.00019039   0.17564331% 
  5.60000000   0.10620117   0.00018233   0.17168407% 
  5.70000030   0.10424805   0.00017447   0.16736214% 
  5.80000000   0.10205078   0.00016682   0.16346916% 
  5.90000000   0.09838867   0.00015938   0.16199264% 
  6.00000000   0.09716797   0.00015216   0.15659096% 
  6.10000000   0.09399414   0.00014514   0.15441860% 
  6.20000030   0.09155273   0.00013835   0.15111267% 
  6.30000000   0.09008789   0.00013177   0.14626444% 
  6.40000000   0.08715820   0.00012540   0.14387690% 
  6.50000000   0.08459473   0.00011925   0.14096503% 
  6.60000000   0.08215332   0.00011331   0.13792599% 
  6.70000030   0.08020020   0.00010758   0.13414471% 
  6.80000000   0.07800293   0.00010207   0.13085098% 
  6.90000000   0.07580566   0.00009676   0.12763987% 
  7.00000000   0.07373047   0.00009165   0.12430893% 
  7.10000000   0.07165527   0.00008675   0.12106641% 
  7.20000030   0.06921387   0.00008205   0.11853931% 
  7.30000000   0.06750488   0.00007754   0.11485904% 
  7.40000000   0.06530762   0.00007322   0.11210955% 
  7.50000000   0.06347656   0.00006908   0.10883293% 
  7.60000000   0.06164551   0.00006513   0.10565759% 
  7.70000030   0.05957031   0.00006136   0.10300585% 
  7.80000000   0.05737305   0.00005776   0.10067803% 
  7.90000000   0.05560303   0.00005433   0.09771386% 
  8.00000000   0.05407715   0.00005107   0.09443088% 
  8.10000000   0.05218506   0.00004796   0.09190011% 
  8.20000000   0.05017090   0.00004500   0.08970278% 
  8.30000000   0.04864502   0.00004220   0.08675134% 
  8.40000100   0.04675293   0.00003954   0.08457144% 
  8.50000000   0.04528809   0.00003702   0.08173870% 
  8.60000000   0.04364014   0.00003463   0.07935347% 
  8.70000000   0.04193115   0.00003237   0.07719990% 
  8.80000000   0.04040527   0.00003024   0.07483043% 
  8.90000100   0.03912354   0.00002822   0.07212770% 
  9.00000000   0.03765869   0.00002632   0.06988115% 
  9.10000000   0.03613281   0.00002452   0.06786874% 
  9.20000000   0.03460693   0.00002283   0.06598055% 
  9.30000000   0.03353882   0.00002124   0.06334320% 
  9.40000100   0.03204346   0.00001975   0.06163654% 
  9.50000000   0.03076172   0.00001835   0.05964280% 
  9.60000000   0.02960205   0.00001703   0.05753062% 
  9.70000000   0.02844238   0.00001580   0.05553520% 
  9.80000000   0.02711487   0.00001464   0.05398852% 
  9.90000100   0.02606201   0.00001356   0.05201598% 
 10.00000000   0.02494812   0.00001254   0.05028100% 
 10.10000000   0.02384949   0.00001160   0.04863186% 
 10.20000000   0.02301025   0.00001072   0.04656910% 
 10.30000000   0.02178955   0.00000989   0.04539955% 
 10.40000100   0.02090454   0.00000913   0.04365168% 
 10.50000000   0.02009583   0.00000841   0.04185417% 
 10.60000000   0.01905823   0.00000775   0.04064678% 
 10.70000000   0.01813507   0.00000713   0.03931106% 
 10.80000000   0.01728821   0.00000656   0.03792019% 
 10.90000100   0.01651764   0.00000602   0.03646870% 
 11.00000000   0.01581573   0.00000553   0.03496936% 
 11.10000000   0.01499176   0.00000507   0.03384500% 
 11.20000000   0.01430511   0.00000465   0.03251525% 
 11.30000000   0.01361084   0.00000426   0.03130300% 
 11.40000100   0.01296234   0.00000390   0.03008438% 
 11.50000000   0.01229477   0.00000357   0.02900808% 
 11.60000000   0.01168060   0.00000326   0.02790295% 
 11.70000000   0.01107025   0.00000298   0.02688408% 
 11.80000000   0.01052475   0.00000272   0.02580116% 
 11.90000100   0.00995255   0.00000248   0.02487577% 
 12.00000000   0.00945282   0.00000226   0.02385998% 
 12.10000000   0.00897217   0.00000205   0.02288316% 
 12.20000000   0.00850296   0.00000187   0.02196274% 
 12.30000000   0.00802612   0.00000170   0.02114731% 
 12.40000100   0.00762177   0.00000154   0.02022418% 
 12.50000000   0.00717926   0.00000140   0.01948380% 
 12.60000000   0.00678635   0.00000127   0.01868982% 
 12.70000000   0.00641632   0.00000115   0.01791036% 
 12.80000000   0.00605583   0.00000104   0.01718014% 
 12.90000100   0.00570774   0.00000094   0.01648951% 
 13.00000000   0.00538731   0.00000085   0.01579185% 
 13.10000000   0.00507355   0.00000077   0.01514562% 
 13.20000000   0.00477219   0.00000069   0.01453237% 
 13.30000000   0.00449371   0.00000063   0.01391761% 
 13.40000100   0.00423527   0.00000056   0.01330658% 
 13.50000000   0.00397873   0.00000051   0.01275386% 
 13.60000000   0.00374174   0.00000046   0.01220147% 
 13.70000000   0.00351334   0.00000041   0.01168227% 
 13.80000000   0.00329590   0.00000037   0.01118653% 
 13.90000100   0.00309420   0.00000033   0.01069559% 
 14.00000000   0.00290203   0.00000030   0.01022810% 
 14.10000000   0.00271606   0.00000027   0.00979406% 
 14.20000000   0.00254130   0.00000024   0.00937375% 
 14.30000000   0.00238109   0.00000021   0.00895206% 
 14.40000100   0.00222325   0.00000019   0.00857232% 
 14.50000000   0.00208235   0.00000017   0.00817682% 
 14.60000000   0.00194263   0.00000015   0.00782453% 
 14.70000000   0.00181651   0.00000014   0.00746422% 
 14.80000000   0.00169563   0.00000012   0.00712729% 
 14.90000100   0.00158107   0.00000011   0.00680769% 
 15.00000000   0.00147283   0.00000010   0.00650362% 
 15.10000000   0.00137258   0.00000009   0.00620568% 
 15.20000000   0.00127828   0.00000008   0.00592077% 
 15.30000000   0.00119019   0.00000007   0.00564586% 
 15.40000100   0.00110686   0.00000006   0.00538585% 
 15.50000000   0.00102788   0.00000005   0.00514121% 
 15.60000000   0.00095516   0.00000005   0.00490065% 
 15.70000000   0.00088775   0.00000004   0.00466687% 
 15.80000000   0.00082284   0.00000004   0.00445294% 
 15.90000100   0.00076318   0.00000003   0.00424272% 
 16.00000000   0.00070676   0.00000003   0.00404544% 
 16.10000000   0.00065431   0.00000003   0.00385553% 
 16.20000000   0.00060603   0.00000002   0.00366999% 
 16.30000100   0.00056073   0.00000002   0.00349427% 
 16.40000000   0.00051785   0.00000002   0.00333061% 
 16.50000000   0.00047854   0.00000002   0.00317018% 
 16.60000000   0.00044185   0.00000001   0.00301759% 
 16.70000000   0.00040817   0.00000001   0.00286871% 
 16.80000100   0.00037634   0.00000001   0.00273026% 
 16.90000000   0.00034697   0.00000001   0.00259664% 
 17.00000000   0.00031930   0.00000001   0.00247221% 
 17.10000000   0.00029396   0.00000001   0.00235092% 
 17.20000000   0.00027067   0.00000001   0.00223351% 
 17.30000100   0.00024871   0.00000001   0.00212474% 
 17.40000000   0.00022867   0.00000000   0.00201846% 
 17.50000000   0.00020995   0.00000000   0.00191863% 
 17.60000000   0.00019271   0.00000000   0.00182289% 
 17.70000000   0.00017683   0.00000000   0.00173102% 
 17.80000100   0.00016202   0.00000000   0.00164499% 
 17.90000000   0.00014841   0.00000000   0.00156245% 
 18.00000000   0.00013588   0.00000000   0.00148358% 
 18.10000000   0.00012429   0.00000000   0.00140883% 
 18.20000000   0.00011365   0.00000000   0.00133732% 
 18.30000100   0.00010387   0.00000000   0.00126913% 
 18.40000000   0.00009486   0.00000000   0.00120434% 
 18.50000000   0.00008659   0.00000000   0.00114259% 
 18.60000000   0.00007897   0.00000000   0.00108397% 
 18.70000000   0.00007200   0.00000000   0.00102801% 
 18.80000100   0.00006559   0.00000000   0.00097491% 
 18.90000000   0.00005972   0.00000000   0.00092438% 
 19.00000000   0.00005433   0.00000000   0.00087638% 
 19.10000000   0.00004940   0.00000000   0.00083074% 
 19.20000000   0.00004489   0.00000000   0.00078739% 
 19.30000100   0.00004076   0.00000000   0.00074623% 
 19.40000000   0.00003700   0.00000000   0.00070690% 
 19.50000000   0.00003356   0.00000000   0.00066975% 
 19.60000000   0.00003042   0.00000000   0.00063436% 
 19.70000000   0.00002755   0.00000000   0.00060075% 
 19.80000100   0.00002494   0.00000000   0.00056892% 
 19.90000000   0.00002256   0.00000000   0.00053864% 
 20.00000000   0.00002040   0.00000000   0.00050989% 
 20.10000000   0.00001844   0.00000000   0.00048254% 
 20.20000000   0.00001665   0.00000000   0.00045668% 
 20.30000100   0.00001502   0.00000000   0.00043215% 
 20.40000000   0.00001355   0.00000000   0.00040881% 
 20.50000000   0.00001221   0.00000000   0.00038674% 
 20.60000000   0.00001100   0.00000000   0.00036580% 
 20.70000000   0.00000990   0.00000000   0.00034590% 
 20.80000100   0.00000891   0.00000000   0.00032706% 
 20.90000000   0.00000800   0.00000000   0.00030924% 
 21.00000000   0.00000719   0.00000000   0.00029226% 
 21.10000000   0.00000646   0.00000000   0.00027626% 
 21.20000000   0.00000579   0.00000000   0.00026108% 
 21.30000100   0.00000519   0.00000000   0.00024669% 
 21.40000000   0.00000466   0.00000000   0.00023303% 
 21.50000000   0.00000417   0.00000000   0.00022012% 
 21.60000000   0.00000373   0.00000000   0.00020792% 
 21.70000000   0.00000334   0.00000000   0.00019633% 
 21.80000100   0.00000298   0.00000000   0.00018538% 
 21.90000000   0.00000266   0.00000000   0.00017502% 
 22.00000000   0.00000238   0.00000000   0.00016521% 
 22.10000000   0.00000212   0.00000000   0.00015593% 
 22.20000000   0.00000189   0.00000000   0.00014715% 
 22.30000100   0.00000169   0.00000000   0.00013885% 
 22.40000000   0.00000150  -0.00000000   0.00013099% 
 22.50000000   0.00000134  -0.00000000   0.00012359% 
 22.60000000   0.00000119  -0.00000000   0.00011659% 
 22.70000000   0.00000106  -0.00000000   0.00010997% 
 22.80000100   0.00000094  -0.00000000   0.00010371% 
 22.90000000   0.00000083  -0.00000000   0.00009780% 
 23.00000000   0.00000074  -0.00000000   0.00009221% 
 23.10000000   0.00000065  -0.00000000   0.00008693% 
 23.20000000   0.00000058  -0.00000000   0.00008194% 
 23.30000100   0.00000051  -0.00000000   0.00007722% 
 23.40000000   0.00000045  -0.00000000   0.00007277% 
 23.50000000   0.00000040  -0.00000000   0.00006857% 
 23.60000000   0.00000035  -0.00000000   0.00006459% 
 23.70000000   0.00000031  -0.00000000   0.00006085% 
 23.80000100   0.00000028  -0.00000000   0.00005731% 
 23.90000000   0.00000024  -0.00000000   0.00005397% 
 24.00000000   0.00000021  -0.00000000   0.00005082% 
 24.10000000   0.00000019  -0.00000000   0.00004784% 
 24.20000000   0.00000017  -0.00000000   0.00004504% 
 24.30000100   0.00000015  -0.00000000   0.00004239% 
 24.40000000   0.00000013  -0.00000000   0.00003989% 
 24.50000000   0.00000011  -0.00000000   0.00003754% 
 24.60000000   0.00000010  -0.00000000   0.00003532% 
 24.70000000   0.00000009  -0.00000000   0.00003323% 
 24.80000100   0.00000008  -0.00000000   0.00003125% 
 24.90000000   0.00000007  -0.00000000   0.00002939% 
 25.00000000   0.00000006  -0.00000000   0.00002764% 

